1641792792275 0.0 0
1641792792284 1.0 0
1641792792294 2.0 0
1641792792303 3.0 0
1641792792311 4.0 0
1641792792319 5.0 0
1641792792327 6.0 0
1641792792334 7.0 0
1641792792342 8.0 0
1641792792350 9.0 0
1641792792358 10.0 0
1641792792366 11.0 0
1641792792375 12.0 0
1641792792383 13.0 0
1641792792391 14.0 0
1641792792400 15.0 0
1641792792408 16.0 0
1641792792416 17.0 0
1641792792424 18.0 0
1641792792432 19.0 0
1641792792440 20.0 0
1641792792449 21.0 0
1641792792457 22.0 0
1641792792466 23.0 0
1641792792474 24.0 0
1641792792482 25.0 0
1641792792490 26.0 0
1641792792499 27.0 0
1641792792507 28.0 0
1641792792515 29.0 0
1641792792523 30.0 0
1641792792531 31.0 0
1641792792539 32.0 0
1641792792548 33.0 0
1641792792556 34.0 0
1641792792564 35.0 0
1641792792572 36.0 0
1641792792581 37.0 0
1641792792589 38.0 0
1641792792597 39.0 0
1641792792605 40.0 0
1641792792614 41.0 0
1641792792622 42.0 0
1641792792630 43.0 0
1641792792638 44.0 0
1641792792647 45.0 0
1641792792655 46.0 0
1641792792664 47.0 0
1641792792671 48.0 0
1641792792680 49.0 0
1641792792688 50.0 0
1641792792697 51.0 0
1641792792704 52.0 0
1641792792713 53.0 0
1641792792721 54.0 0
1641792792730 55.0 0
1641792792738 56.0 0
1641792792746 57.0 0
1641792792754 58.0 0
1641792792763 59.0 0
1641792792771 60.0 0
1641792792780 61.0 0
1641792792788 62.0 0
1641792792796 63.0 0
1641792792805 64.0 0
1641792792815 65.0 0
1641792792822 66.0 0
1641792792831 67.0 0
1641792792839 68.0 0
1641792792848 69.0 0
1641792792856 70.0 0
1641792792863 71.0 0
1641792792871 72.0 0
1641792792879 73.0 0
1641792792888 74.0 0
1641792792896 75.0 0
1641792792905 76.0 0
1641792792913 77.0 0
1641792792922 78.0 0
1641792792930 79.0 0
1641792792938 80.0 0
1641792792947 81.0 0
1641792792955 82.0 0
1641792792963 83.0 0
1641792792972 84.0 0
1641792792980 85.0 0
1641792792988 86.0 0
1641792792997 87.0 0
1641792793005 88.0 0
1641792793014 89.0 0
1641792793023 90.0 0
1641792793031 91.0 0
1641792793039 92.0 0
1641792793048 93.0 0
1641792793056 94.0 0
1641792793064 95.0 0
1641792793072 96.0 0
1641792793081 97.0 0
1641792793089 98.0 0
1641792793097 99.0 0
