1641793485485 0.0 0
1641793485493 1.0 0
1641793485503 2.0 0
1641793485512 3.0 0
1641793485521 4.0 0
1641793485529 5.0 0
1641793485537 6.0 0
1641793485546 7.0 0
1641793485554 8.0 0
1641793485563 9.0 0
1641793485571 10.0 0
1641793485580 11.0 0
1641793485588 12.0 0
1641793485597 13.0 0
1641793485606 14.0 0
1641793485614 15.0 0
1641793485623 16.0 0
1641793485631 17.0 0
1641793485639 18.0 0
1641793485647 19.0 0
1641793485656 20.0 0
1641793485664 21.0 0
1641793485672 22.0 0
1641793485680 23.0 0
1641793485689 24.0 0
1641793485698 25.0 0
1641793485706 26.0 0
1641793485714 27.0 0
1641793485723 28.0 0
1641793485731 29.0 0
1641793485740 30.0 0
1641793485748 31.0 0
1641793485757 32.0 0
1641793485765 33.0 0
1641793485773 34.0 0
1641793485781 35.0 0
1641793485790 36.0 0
1641793485798 37.0 0
1641793485807 38.0 0
1641793485814 39.0 0
1641793485823 40.0 0
1641793485831 41.0 0
1641793485840 42.0 0
1641793485849 43.0 0
1641793485857 44.0 0
1641793485866 45.0 0
1641793485874 46.0 0
1641793485882 47.0 0
1641793485891 48.0 0
1641793485899 49.0 0
1641793485907 50.0 0
1641793485916 51.0 0
1641793485924 52.0 0
1641793485932 53.0 0
1641793485940 54.0 0
1641793485948 55.0 0
1641793485957 56.0 0
1641793485965 57.0 0
1641793485973 58.0 0
1641793485981 59.0 0
1641793485990 60.0 0
1641793485998 61.0 0
1641793486006 62.0 0
1641793486014 63.0 0
1641793486023 64.0 0
1641793486031 65.0 0
1641793486039 66.0 0
1641793486048 67.0 0
1641793486056 68.0 0
1641793486065 69.0 0
1641793486074 70.0 0
1641793486082 71.0 0
1641793486091 72.0 0
1641793486099 73.0 0
1641793486107 74.0 0
1641793486116 75.0 0
1641793486124 76.0 0
1641793486133 77.0 0
1641793486141 78.0 0
1641793486149 79.0 0
1641793486158 80.0 0
1641793486166 81.0 0
1641793486175 82.0 0
1641793486183 83.0 0
1641793486191 84.0 0
1641793486199 85.0 0
1641793486207 86.0 0
1641793486218 87.0 0
1641793486226 88.0 0
1641793486233 89.0 0
1641793486242 90.0 0
1641793486250 91.0 0
1641793486258 92.0 0
1641793486267 93.0 0
1641793486275 94.0 0
1641793486283 95.0 0
1641793486292 96.0 0
1641793486300 97.0 0
1641793486308 98.0 0
1641793486317 99.0 0
