1641792463936 0.0 0
1641792463946 1.0 0
1641792463954 2.0 0
1641792463962 3.0 0
1641792463969 4.0 0
1641792463977 5.0 0
1641792463985 6.0 0
1641792463994 7.0 0
1641792464002 8.0 0
1641792464010 9.0 0
1641792464018 10.0 0
1641792464026 11.0 0
1641792464035 12.0 0
1641792464043 13.0 0
1641792464051 14.0 0
1641792464059 15.0 0
1641792464068 16.0 0
1641792464076 17.0 0
1641792464084 18.0 0
1641792464092 19.0 0
1641792464101 20.0 0
1641792464109 21.0 0
1641792464117 22.0 0
1641792464126 23.0 0
1641792464134 24.0 0
1641792464142 25.0 0
1641792464151 26.0 0
1641792464159 27.0 0
1641792464167 28.0 0
1641792464175 29.0 0
1641792464183 30.0 0
1641792464192 31.0 0
1641792464201 32.0 0
1641792464208 33.0 0
1641792464217 34.0 0
1641792464225 35.0 0
1641792464234 36.0 0
1641792464242 37.0 0
1641792464249 38.0 0
1641792464258 39.0 0
1641792464266 40.0 0
1641792464274 41.0 0
1641792464282 42.0 0
1641792464290 43.0 0
1641792464299 44.0 0
1641792464307 45.0 0
1641792464315 46.0 0
1641792464323 47.0 0
1641792464331 48.0 0
1641792464340 49.0 0
1641792464348 50.0 0
1641792464356 51.0 0
1641792464364 52.0 0
1641792464373 53.0 0
1641792464380 54.0 0
1641792464389 55.0 0
1641792464398 56.0 0
1641792464406 57.0 0
1641792464414 58.0 0
1641792464422 59.0 0
1641792464431 60.0 0
1641792464439 61.0 0
1641792464448 62.0 0
1641792464456 63.0 0
1641792464464 64.0 0
1641792464472 65.0 0
1641792464480 66.0 0
1641792464488 67.0 0
1641792464497 68.0 0
1641792464505 69.0 0
1641792464513 70.0 0
1641792464521 71.0 0
1641792464529 72.0 0
1641792464537 73.0 0
1641792464545 74.0 0
1641792464553 75.0 0
1641792464562 76.0 0
1641792464570 77.0 0
1641792464578 78.0 0
1641792464586 79.0 0
1641792464594 80.0 0
1641792464603 81.0 0
1641792464611 82.0 0
1641792464619 83.0 0
1641792464627 84.0 0
1641792464636 85.0 0
1641792464645 86.0 0
1641792464653 87.0 0
1641792464661 88.0 0
1641792464669 89.0 0
1641792464677 90.0 0
1641792464686 91.0 0
1641792464694 92.0 0
1641792464702 93.0 0
1641792464711 94.0 0
1641792464719 95.0 0
1641792464727 96.0 0
1641792464735 97.0 0
1641792464744 98.0 0
1641792464752 99.0 0
